    unsorted:	 1455.805660
      sorted:	 1455.805660
