    unsorted:	 1254.166824
      sorted:	 1254.166824
